version https://git-lfs.github.com/spec/v1
oid sha256:92c2cbcacc1e921db3ec049a8b39a60c421ff4b6f3abf3a7c109fa788fcd65d0
size 152864
