version https://git-lfs.github.com/spec/v1
oid sha256:6d059e4a4e456ad1b3e22e2e3c4488e8bb16bae55d2731039d30d31fad5337fc
size 162786
